3.999000000000000000e+05
3.299000000000000000e+05
3.690000000000000000e+05
2.320000000000000000e+05
5.399000000000000000e+05
2.999000000000000000e+05
3.149000000000000000e+05
1.989990000000000000e+05
2.120000000000000000e+05
2.425000000000000000e+05
2.399990000000000000e+05
3.470000000000000000e+05
3.299990000000000000e+05
6.999000000000000000e+05
2.599000000000000000e+05
4.499000000000000000e+05
2.999000000000000000e+05
1.999000000000000000e+05
4.999980000000000000e+05
5.990000000000000000e+05
2.529000000000000000e+05
2.550000000000000000e+05
2.429000000000000000e+05
2.599000000000000000e+05
5.739000000000000000e+05
2.499000000000000000e+05
4.645000000000000000e+05
4.690000000000000000e+05
4.750000000000000000e+05
2.999000000000000000e+05
3.499000000000000000e+05
1.699000000000000000e+05
3.149000000000000000e+05
5.799000000000000000e+05
2.859000000000000000e+05
2.499000000000000000e+05
2.299000000000000000e+05
3.450000000000000000e+05
5.490000000000000000e+05
2.870000000000000000e+05
3.685000000000000000e+05
3.299000000000000000e+05
3.140000000000000000e+05
2.990000000000000000e+05
1.799000000000000000e+05
2.999000000000000000e+05
2.395000000000000000e+05
